Integers:
1 21 55 66 31 
Doubles:
97.89304536673072 99.06472236196349 10.827572563577048 44.21004701343724 12.417077647355313 
------
Integers:
98 14 7 17 16 
Doubles:
12.301114923884027 51.94036895176476 39.98182739228947 58.620675980471724 3.145029887206996 
------
Integers:
90 16 27 58 2 
Doubles:
72.86708516554489 44.60625122674266 80.98265423226675 81.12736597230197 22.928410616648996 
------
Integers:
24 77 83 3 57 
Doubles:
34.95132784621448 77.70336300161344 52.673791722476516 84.87134212197319 29.026220093336974 
------
Integers:
53 50 76 73 15 
Doubles:
2.6834694490977307 87.46856582843814 63.25488091062474 50.214911007480666 89.15050560188573 
------
